cam_model: ATAN
cam_width: 640
cam_height: 480
cam_fx: 1.49331
cam_fy: 1.99116
cam_cx: 0.508467
cam_cy: 0.56586
cam_d0: 0.419931
